313.649994
312.920013
316.049988
322.970001
319.190002
322.690002
318.769989
324.589996
328.309998
326.179993
329.420013
332.059998
329.070007
328.440002
326.170013
318.5
314.119995
313.609985
316.829987
320.279999
304.619995
306.100006
303.98999
296.720001
302.339996
295.660004
293.540009
296.850006
302.829987
308.5
301.799988
294.869995
294.070007
287.720001
286.100006
288.48999
289.589996
282
277.549988
275.029999
277.809998
274.459991
275.859985
271.029999
269.070007
278.98999
278.279999
280.959991
275.019989
269.299988
264.700012
263.399994
255.160004
271.200012
266.839996
276.529999
269.929993
269.579987
267.980011
275.690002
279.410004
278.459991
276.790009
272.230011
278.920013
281.5
275.079987
263.01001
265.529999
265.75
269.140015
267.76001
276.01001
282.559998
285.859985
292.209991
287.390015
280.880005
287.890015
283.399994
282.640015
285.970001
287.190002
284.899994
282.940002
280.839996
293.690002
288.540009
290.380005
287.480011
280.470001
281.910004
282.809998
282.220001
296.649994
288.049988
282.329987
276.200012
273.869995
268.559998
270.600006
270.380005
265.470001
266.73999
263.170013
262.959991
263.619995
268.649994
266.640015
264.040009
263.350006
270.829987
269.48999
273.920013
278.119995
276.5
280.769989
283.109985
276.220001
276.790009
283.540009
287.309998
283.769989
291.220001
292
292.929993
290.309998
294.410004
307.570007
304.940002
303.51001
303.459991
308.540009
308.839996
299.480011
301.130005
302.890015
304.899994
304.380005
301.070007
297.26001
294.619995
297.970001
291.76001
295.070007
293.299988
293.26001
288.660004
295.390015
300.940002
300.070007
296.769989
298.329987
292.829987
286.730011
294.309998
294.709991
298
306.720001
304.26001
307.940002
310.269989
309.920013
309.320007
311.600006
308.170013
310.880005
315.23999
315.910004
318.769989
320.600006
318.100006
314.23999
315.070007
317.829987
317.820007
314.829987
317.589996
318.149994
320.98999
316.410004
315.690002
315.910004
316.380005
314.290009
313.440002
315.700012
320.109985
322.089996
322.119995
319.75
317.059998
318.470001
322.420013
322
324.119995
325.700012
326.73999
325.51001
326.059998
328.23999
331.519989
337.48999
336.25
335.890015
331.369995
339.140015
340.76001
352.709991
348.369995
347.730011
353.799988
354.429993
354.279999
355.130005
349.119995
354.630005
356.190002
363.290009
363.269989
364.609985
372.720001
365.950012
365.73999
360.630005
362.209991
362
359.25
361.980011
364.23999
367.549988
370.070007
368.700012
366.51001
367.230011
365.959991
366.790009
372.339996
376.049988
379.589996
379.799988
381.959991
386.820007
382.609985
379.179993
376.619995
376.950012
377.720001
383.070007
380.73999
383.790009
