409.149994
409.119995
410.299988
414.369995
409.660004
415.25
412.220001
418.779999
422.98999
422.029999
424.769989
427.730011
425.910004
426.859985
424.980011
417.049988
412.899994
412.109985
415.23999
419.390015
402.200012
403.850006
399.929993
392.890015
400.279999
393.130005
390.429993
395.390015
402.73999
408.779999
401.829987
394.470001
392.959991
384.140015
382.26001
385.059998
386.109985
376.579987
370.579987
366.410004
368.019989
364.380005
366.809998
361.799988
361.079987
372.399994
373.390015
375.619995
368.970001
363.959991
358.23999
358.170013
349.209991
368.549988
364.01001
375.130005
368.98999
368.029999
365.119995
375.890015
378.790009
381.619995
383.070007
379.869995
386.440002
390.140015
383.899994
371.470001
377
377.709991
381.109985
379.929993
388.049988
395.589996
396.660004
401.149994
396.779999
390.459991
397.73999
394.640015
396.630005
399.549988
401.829987
399.089996
396.049988
395.48999
408.769989
402.25
403.950012
399.420013
392.940002
395.140015
394.940002
394.109985
410.220001
401.609985
394.299988
385.179993
383.470001
379.230011
383.25
383.049988
379.649994
382.790009
381.329987
379.630005
380.640015
384.369995
383.179993
381.720001
382.609985
390.369995
387.25
392.230011
396.670013
393.619995
398.480011
399.01001
389.359985
390.100006
396.720001
398.880005
395.950012
403.130005
403.660004
402.799988
401.130005
405.209991
414.859985
411.589996
409.790009
408.869995
413.130005
414.410004
405.859985
408.720001
411.23999
410.350006
408.790009
406.059998
403.059998
399.519989
401.559998
395.420013
399.869995
397.230011
395.410004
392.679993
399.709991
405.049988
404.420013
398.390015
399.73999
390.98999
381.809998
390.5
385.890015
386.820007
393.220001
390.799988
397.23999
398.730011
395.089996
391.839996
398.119995
395.769989
399.929993
404.089996
404.660004
408.850006
411.619995
407.910004
406.769989
406.609985
410.26001
411.869995
409.179993
412.809998
412.369995
415.579987
412.220001
411.209991
412.190002
411.98999
410.579987
406.720001
407
411.48999
415.470001
414.769989
411.359985
406.929993
408.910004
412.970001
411.130005
413.880005
411.950012
413.420013
412.220001
411.859985
412.350006
414.899994
420.170013
418.640015
417.079987
412.420013
414.73999
415.329987
422.029999
418.279999
418.089996
424.5
428.279999
426.670013
428.440002
426.619995
429.959991
430.920013
435.320007
437.01001
436.329987
443.019989
437.450012
436.160004
433.950012
432.929993
432.619995
432.350006
435.049988
435.959991
441.440002
442.920013
441.910004
439.420013
438.630005
438.179993
440.450012
446.390015
447.899994
450.480011
449.130005
450.5
455.01001
454.170013
453.959991
453.369995
453.920013
454.470001
459.019989
455.880005
457.410004
