301.276672
294.003326
305
311
302.670013
295
290.293335
297.066681
296.513336
289.416656
301.786682
311.666656
303.396667
306
299
291.91333
291.453339
297.563324
302.359985
297.429993
282.829987
287.869995
280.619995
272.579987
281.070007
272.679993
273.100006
281.299988
291.670013
300.720001
292.899994
292.23999
301.829987
299.609985
300.089996
306.910004
308.290009
299.859985
283.089996
271.829987
283.839996
283.079987
282.76001
266.149994
254.5
250.520004
245.009995
239.440002
233.940002
223.929993
220.949997
215.330002
208.300003
224.009995
210.039993
229.5
219.800003
208.279999
206.419998
205.820007
210.100006
219.399994
229.770004
225.399994
226.190002
234.050003
226.039993
211.360001
222.600006
208.649994
194.020004
190.779999
189.899994
186
192.770004
195.880005
191.509995
183.960007
185.050003
175.850006
168.630005
173.570007
185.059998
179.960007
184.990005
182.429993
197.080002
191.779999
189.440002
181.220001
175.029999
172.199997
173.839996
176.100006
174.869995
159.25
153.440002
159.639999
154
146.050003
139.339996
136
126.370003
117.5
110.349998
120.389999
119.949997
118.470001
109.110001
110.510002
103
118.959999
121.07
122.089996
122.559998
116.550003
125.699997
136.559998
127.260002
128.679993
135.869995
143
141.910004
159.970001
162.429993
178.050003
164.570007
173.889999
187.330002
183.949997
193.009995
196.429993
196.100006
207.779999
202.229996
194.419998
191.940002
211.759995
210.779999
199.990005
204.990005
197.929993
203.910004
196.330002
202.029999
210.589996
206.210007
186.740005
194.800003
198.539993
191.380005
185.039993
180.25
175.130005
167.460007
177.309998
180.800003
180.369995
184.520004
178.080002
188.279999
199.300003
195.259995
191.649994
194.419998
192
193.130005
195.580002
197.529999
199.910004
197.320007
190.520004
183.080002
179.940002
186.690002
190.740005
182.960007
183.949997
186.320007
187.149994
179.100006
166.169998
164.800003
164.649994
159.820007
160.289993
152.639999
160.899994
163.169998
161.880005
160.009995
162.710007
163.970001
173.720001
168.949997
172.550003
168.699997
176.070007
167.660004
165.649994
168.410004
174.220001
177.169998
180.699997
186.199997
182.229996
186.539993
184.619995
200.100006
199.779999
202.589996
210.149994
217.800003
216.139999
228
224.220001
249.070007
247.940002
253.509995
260.170013
248.399994
258.920013
261.5
275.130005
250.770004
259.290009
250.070007
243.240005
249.699997
258.029999
260.600006
276.48999
278.820007
278.089996
278.429993
276.470001
268.649994
276.329987
274.589996
277.01001
286.630005
290.149994
296.040009
279.559998
268
255.850006
272.380005
263.25
268.309998
259.859985
267.480011
